results.quick <-
c(0.0144000000000005, 0.0805999999999983, 0.169100000000000, 
0.948400000000002, 2.01400000000000)
